22.2
7.3
5.3
5.2
6.0
4.6
1.8
3.7
6.1
6.6
5.0
4.8
4.8
2.5
0.6
6.7
6.1
9.2
7.5
5.6
6.3
10.2
10.4
7.3
5.3
7.1
8.0
9.6
9.5
12.2
12.4
13.4
7.0
8.1
11.5
13.2
9.2
10.9
8.6
10.7
11.8
11.1
9.2
12.8
9.6
1.8
3.4
6.5
5.3
10.7
9.3
5.8
4.7
6.0
6.8
7.8
9.0
7.8
8.4
9.8
12.3
13.1
12.0
12.6
12.5
11.7
13.5
11.0
11.4
13.6
13.4
12.5
13.5
10.3
9.7
14.5
11.1
11.0
13.4
13.3
18.1
14.4
11.6
12.7
12.7
13.0
13.3
14.3
14.6
14.3
13.3
15.3
14.0
17.3
12.0
18.3
19.0
19.2
19.0
17.2
16.5
13.7
15.6
17.3
17.5
19.8
21.2
12.8
13.8
12.2
14.0
19.4
19.0
17.3
17.2
20.4
14.0
11.9
13.4
15.5
16.3
15.5
16.7
18.8
16.2
16.3
16.9
18.7
20.0
19.4
19.1
18.3
12.5
15.9
15.3
16.0
17.1
22.7
20.1
18.8
21.6
23.3
27.2
23.3
23.2
26.7
22.0
26.2
22.7
23.2
23.5
21.1
16.2
17.4
20.3
19.0
20.2
19.2
22.0
23.4
25.0
25.3
24.6
27.2
26.0
25.3
26.0
27.0
21.9
23.4
24.8
25.8
25.1
23.8
22.0
24.1
26.9
29.2
25.0
28.1
27.8
24.2
24.0
24.5
25.3
20.7
20.1
19.3
23.0
23.8
19.3
23.9
21.8
22.2
22.1
24.0
21.3
19.1
25.2
26.0
22.0
21.3
22.1
24.7
26.3
26.8
22.0
20.7
21.9
21.0
23.0
26.7
23.2
21.6
21.8
25.0
23.8
25.2
23.3
20.0
18.3
17.2
18.8
17.0
19.2
16.5
19.8
19.0
22.2
21.9
20.8
19.3
20.2
19.0
22.1
21.3
18.0
19.3
21.4
20.7
18.1
18.7
19.3
24.2
20.2
17.1
18.3
19.1
19.0
16.3
15.3
15.0
16.6
16.5
15.0
19.3
20.1
16.5
15.8
12.7
12.8
14.0
15.5
17.2
17.7
15.4
15.0
15.2
16.7
17.1
15.8
13.6
13.7
11.8
15.6
16.5
16.1
13.3
11.1
11.9
12.4
14.4
18.1
18.3
15.3
17.0
14.9
14.2
11.6
16.7
16.1
17.9
17.1
12.0
11.5
12.5
14.9
16.5
13.2
11.7
16.2
14.6
14.5
13.6
11.8
19.1
16.9
10.6
15.9
16.3
15.0
11.7
7.9
11.3
13.8
16.2
16.4
6.0
1.5
3.9
6.3
1.4
-1.4
0.0
0.6
10.4
4.3
10.6
13.0
14.3
14.7
17.2
12.6
10.8
6.3
4.4
6.5
6.6
5.6
6.1
6.3
7.8
2.4
3.7
8.8
10.3
11.2
12.9
11.6
13.5
10.5
11.5
9.3
8.5
10.7
10.5
8.8
9.6
10.0
7.0
6.5
4.6
2.9
1.3
1.7
7.1
8.3
7.3
7.7
8.8
7.0
6.6
9.7
9.0
8.1
8.3
11.4
11.2
9.0
11.3
7.0
8.5
9.5
8.2
8.8
10.9
12.0
10.1
13.8
9.8
10.7
6.5
6.0
3.5
3.6
6.3
6.0
13.0
11.5
8.5
12.3
10.5
10.2
10.2
5.1
2.9
4.7
4.8
7.3
8.0
12.6
11.1
14.3
14.5
13.8
13.5
12.9
10.2
6.6
10.9
9.7
15.0
12.3
12.9
12.6
12.5
11.1
11.5
13.0
16.3
16.3
16.5
14.5
19.2
14.9
14.3
13.2
16.1
16.2
15.1
15.5
8.0
10.6
11.4
14.0
13.0
13.6
15.1
16.0
12.8
13.5
14.6
16.3
17.0
13.4
16.7
14.2
13.3
14.2
13.5
14.7
14.5
15.0
14.0
12.9
12.4
14.0
16.3
17.4
16.4
17.1
16.2
18.9
16.9
15.3
17.4
18.7
17.2
17.1
18.4
21.0
19.8
20.3
25.1
20.5
20.3
18.0
22.0
20.6
20.5
19.1
23.3
22.0
20.1
21.4
23.2
23.3
21.6
19.2
21.2
21.8
22.2
23.8
23.6
22.2
20.5
19.7
26.3
21.6
24.3
25.3
23.7
22.7
26.2
20.0
24.2
21.1
23.6
21.2
20.6
22.0
18.4
18.0
20.5
19.6
21.3
21.5
23.3
27.1
26.7
28.9
26.6
28.1
28.6
24.2
25.3
23.1
26.5
26.8
20.2
24.0
23.2
23.4
21.6
19.2
19.3
24.0
22.9
20.2
22.2
23.3
24.3
25.3
24.0
25.4
22.0
22.0
26.4
27.2
25.2
20.1
22.1
21.1
23.4
23.0
23.1
24.5
24.0
26.2
29.5
30.0
30.5
28.3
27.3
25.8
27.1
26.0
27.2
25.3
24.0
24.1
23.5
23.3
25.2
25.4
28.0
24.5
25.0
24.6
21.9
22.8
23.0
23.1
23.5
25.4
24.0
24.3
24.0
22.6
25.3
19.9
21.6
22.2
23.1
21.8
21.1
22.0
26.1
23.1
24.0
22.7
23.3
23.0
22.7
21.1
21.4
20.8
21.3
17.5
13.9
14.4
13.5
18.9
19.4
14.9
13.1
11.5
9.4
10.4
12.4
18.1
18.4
13.8
14.0
13.0
17.7
19.2
18.4
15.4
14.7
15.3
14.0
13.6
13.9
13.1
13.1
16.2
17.3
16.3
18.2
16.3
15.0
16.3
11.8
10.4
10.6
10.4
12.0
12.2
10.4
9.7
9.6
11.1
13.1
13.6
13.7
13.0
11.0
12.5
9.9
13.0
12.5
11.1
11.3
13.8
15.7
16.4
12.1
10.1
14.2
9.4
13.7
15.8
15.3
16.2
11.5
13.2
10.7
15.0
6.8
9.2
6.2
3.5
7.0
6.4
7.7
10.2
9.2
8.1
7.2
8.7
8.8
6.6
5.8
7.5
12.9
11.3
10.4
12.5
8.5
5.6
6.6
6.9
7.9
7.0
7.1
8.1
2.9
1.3
0.9
4.4
5.0
9.3
5.0
5.2
11.8
12.3
8.0
5.4
4.1
5.6
6.8
5.7
4.7
4.2
1.7
7.4
9.2
3.3
5.5
3.6
5.7
2.7
0.2
7.2
5.3
2.2
0.6
-0.5
3.0
3.7
5.9
8.5
10.0
9.9
10.3
12.0
9.6
11.5
11.5
7.9
4.8
8.0
14.1
11.1
10.0
11.7
10.9
9.8
10.7
8.0
8.6
9.2
10.5
8.3
8.3
9.3
12.2
12.6
10.1
12.4
13.0
11.7
12.5
13.5
13.1
11.1
13.3
13.3
14.9
15.7
14.6
14.2
14.2
14.3
8.7
14.5
16.4
17.0
13.3
14.6
10.6
7.9
7.1
11.3
14.3
12.3
12.6
12.0
13.9
12.0
8.9
12.7
14.2
11.3
14.1
15.4
14.8
14.9
11.5
13.1
15.1
18.7
18.5
17.5
20.0
16.8
14.0
14.5
15.5
18.6
15.8
17.3
17.7
19.9
24.3
18.6
16.2
13.6
14.2
17.2
13.5
14.7
15.5
17.1
13.6
15.7
15.2
20.4
19.0
17.3
16.7
16.3
14.8
18.2
17.0
19.7
19.5
21.0
18.3
18.8
18.8
19.2
22.6
26.3
22.1
22.3
23.1
19.7
20.5
26.2
24.1
24.1
25.0
26.8
23.3
26.0
24.8
27.5
25.5
24.5
23.5
25.0
22.0
22.8
23.8
25.3
26.5
26.5
25.8
25.6
26.0
25.9
26.8
26.2
26.9
33.3
25.0
25.2
26.9
27.2
24.0
24.2
28.4
22.9
23.8
25.0
27.5
23.7
22.7
22.0
24.9
28.6
24.7
27.6
31.1
29.6
26.5
24.5
24.0
24.2
28.8
28.8
30.8
28.0
30.1
30.9
25.0
21.9
21.7
23.9
23.7
26.2
29.6
28.8
27.7
26.1
25.6
23.4
26.0
27.1
24.7
25.0
23.4
21.2
21.6
22.0
26.1
24.4
22.8
22.9
24.5
20.7
23.9
25.3
21.5
23.5
21.0
18.3
21.1
22.0
19.7
18.4
19.3
16.7
16.2
16.6
21.0
23.3
23.3
24.9
28.1
24.1
25.6
25.4
25.2
19.8
23.9
19.0
20.5
17.7
19.7
17.7
18.1
16.0
18.5
20.2
18.2
17.2
21.0
14.9
16.2
16.3
15.0
14.6
15.3
19.2
18.1
15.8
15.2
18.4
16.6
16.5
10.2
10.0
16.5
17.3
20.1
17.9
17.6
16.9
15.0
12.2
11.8
13.2
16.3
18.6
19.2
18.2
14.9
13.3
13.6
13.7
16.5
15.3
17.5
15.2
13.2
10.7
10.5
13.1
15.3
16.5
16.2
16.0
10.1
12.7
7.8
4.7
8.7
7.0
4.6
8.3
7.1
5.4
4.1
2.3
8.4
11.4
10.3
9.1
9.3
7.7
6.0
7.3
7.4
7.2
9.0
15.3
14.2
12.9
11.6
9.6
9.5
8.6
10.3
12.0
10.2
11.5
9.5
10.5
3.0
5.7
8.2
8.7
9.3
9.2
13.2
13.2
9.4
8.3
8.0
5.5
10.1
15.0
9.3
6.6
10.0
7.4
7.2
4.8
6.2
8.8
8.3
8.3
10.3
13.5
13.1
6.3
5.0
11.3
6.1
5.7
3.5
2.1
1.3
8.7
8.3
7.8
9.5
8.1
9.3
6.3
5.7
5.7
8.4
9.0
10.5
13.4
9.0
8.0
10.2
10.3
7.7
8.0
7.9
7.0
9.2
13.3
10.7
12.3
13.2
13.2
13.8
10.3
10.2
13.1
4.5
2.0
1.8
8.9
13.3
11.6
11.7
7.2
8.4
11.4
16.3
9.0
8.3
9.0
13.8
14.4
14.1
14.0
12.2
11.0
10.4
15.5
14.3
15.5
12.3
10.9
13.5
11.7
12.0
14.9
15.7
14.4
14.8
16.2
18.0
16.0
16.9
16.0
15.4
14.8
15.1
16.0
15.6
16.0
17.9
17.3
18.8
18.8
19.1
19.0
16.9
18.2
21.7
18.8
15.3
18.0
17.5
17.6
15.0
17.3
15.7
18.3
18.6
20.1
18.3
24.6
18.1
15.7
18.3
19.2
14.7
17.6
15.9
12.2
16.0
19.0
18.2
14.5
16.5
12.5
16.3
16.1
18.6
14.8
14.8
14.6
13.7
13.9
13.2
13.0
14.8
12.5
11.3
15.9
18.1
19.0
20.5
17.1
15.9
17.1
16.9
18.8
16.8
13.6
13.7
16.3
12.8
18.1
16.5
12.4
11.1
10.6
10.1
9.8
10.7
12.2
12.6
15.9
18.3
16.1
19.2
17.6
18.0
17.0
15.3
12.9
11.0
11.3
11.4
10.0
8.3
10.6
9.9
13.0
14.0
14.8
15.1
11.0
12.2
11.1
12.0
8.0
10.0
9.7
11.9
10.1
5.3
6.1
5.0
-0.3
-2.4
1.9
6.6
8.9
12.1
5.7
5.3
3.3
4.0
7.8
9.8
10.0
7.0
7.7
6.0
7.8
7.7
12.3
14.2
10.9
12.2
12.6
12.2
12.0
11.2
9.9
8.3
8.0
7.9
7.0
10.8
10.1
6.4
5.2
4.2
9.0
12.9
13.0
9.0
7.8
2.4
3.8
6.0
6.6
6.0
5.8
8.6
11.0
10.9
6.3
7.6
7.3
7.4
10.3
12.1
12.0
12.7
9.7
11.1
10.0
11.0
10.9
10.3
10.9
11.4
7.7
9.0
8.4
7.9
9.8
8.5
10.4
9.0
8.7
9.5
12.5
12.3
13.0
11.1
6.5
8.2
11.1
9.7
12.3
16.6
14.9
15.0
14.1
11.0
12.0
12.5
15.3
10.3
11.9
8.2
10.0
9.8
8.0
9.4
9.4
11.7
10.3
10.8
13.0
13.9
15.3
13.3
15.5
15.5
11.1
11.7
14.7
13.6
14.7
16.0
14.4
13.1
16.0
14.7
13.6
14.0
12.0
16.4
15.6
16.0
17.9
19.7
20.0
22.6
20.4
19.0
19.9
17.9
17.0
16.5
19.3
22.0
20.1
23.1
21.1
20.1
20.1
18.7
15.3
15.5
15.0
14.9
17.2
15.7
14.9
15.0
15.8
16.4
18.2
20.6
26.6
25.8
26.0
23.2
22.0
20.5
23.0
23.9
23.3
22.0
23.6
24.0
21.5
22.0
20.6
21.0
19.7
18.2
19.1
19.3
22.5
19.0
19.1
21.3
24.8
23.2
25.1
24.0
25.2
26.0
26.1
26.2
24.0
25.1
25.5
25.0
27.0
23.3
22.2
23.6
23.6
24.1
25.1
25.5
27.0
29.0
26.1
29.0
31.5
27.4
28.0
25.6
26.2
25.0
25.8
25.7
26.0
28.3
27.0
26.0
29.9
26.3
27.5
31.6
31.3
30.3
28.2
25.9
26.0
26.0
28.0
29.0
28.0
26.4
20.2
21.0
22.2
23.0
24.0
23.0
22.0
21.0
23.9
24.0
25.1
23.0
27.0
30.3
27.9
25.6
25.7
23.3
23.6
26.0
23.6
21.3
19.9
19.8
18.1
21.0
18.2
21.1
21.1
25.0
24.6
27.1
25.0
27.3
23.9
22.3
21.3
20.0
22.6
15.1
17.0
20.7
21.0
17.7
17.8
18.2
20.0
20.4
20.0
21.1
17.2
18.5
17.7
19.3
18.6
21.0
15.6
15.1
17.3
21.7
20.0
16.1
15.1
16.8
17.0
14.0
13.0
16.1
14.8
14.6
14.0
13.2
14.0
18.1
16.5
17.0
15.9
13.2
14.1
12.0
12.2
13.0
16.1
18.0
19.1
15.8
18.2
17.0
15.0
17.0
16.0
12.8
13.5
14.2
13.5
14.5
18.2
17.8
10.5
13.0
10.9
8.5
12.0
9.9
9.8
10.4
13.5
10.7
14.1
11.5
11.7
10.0
13.0
10.2
9.5
12.2
9.9
7.0
7.8
10.2
10.3
11.3
10.0
7.8
8.6
12.1
9.7
10.3
10.1
9.8
10.4
15.1
10.0
9.9
8.3
11.3
5.4
4.7
7.0
10.8
8.3
9.1
15.0
9.9
9.1
13.6
14.7
15.4
15.9
10.5
6.8
10.2
8.9
6.0
1.8
0.2
3.5
5.6
3.8
2.6
6.5
6.1
10.1
10.5
12.8
11.3
11.0
13.3
13.5
10.7
14.6
14.1
7.4
5.7
6.9
12.5
13.6
14.0
7.3
7.4
12.0
13.8
14.2
17.7
18.1
20.3
12.0
9.4
6.7
9.0
11.7
13.7
9.5
13.7
9.7
14.1
17.8
12.2
10.7
12.2
6.3
7.7
14.1
11.8
10.4
10.9
10.9
9.3
11.4
12.8
13.1
12.0
9.4
11.7
10.5
9.7
11.7
13.8
14.5
16.5
11.1
8.1
9.2
8.5
11.6
14.2
13.2
14.8
17.7
15.0
13.1
13.0
15.1
14.8
14.9
24.9
14.8
15.0
15.9
13.9
16.3
19.1
15.1
15.3
19.3
18.5
20.2
15.7
13.6
13.4
16.8
13.2
12.6
7.6
13.0
15.9
16.0
13.7
15.5
14.7
12.2
14.6
18.1
16.9
17.0
15.2
15.8
15.3
18.2
19.2
16.3
18.1
17.3
14.3
15.4
14.1
15.7
18.1
19.3
22.0
18.0
17.8
13.5
16.7
18.0
19.0
21.9
20.8
18.7
20.1
16.4
18.0
17.0
18.0
18.8
21.0
22.2
19.4
19.8
20.5
21.6
19.8
17.5
21.3
22.5
25.5
25.1
22.0
20.2
20.1
22.9
30.8
32.0
30.0
28.3
24.1
24.4
25.1
24.0
22.0
24.0
23.3
28.2
26.1
24.0
26.8
25.5
23.3
25.2
25.5
25.3
25.1
26.5
26.0
18.6
19.9
21.7
25.3
24.6
27.0
24.0
24.2
25.0
26.1
28.0
24.5
25.2
24.2
24.1
26.7
24.8
26.0
25.9
27.7
24.0
25.3
27.0
26.2
26.1
22.7
25.2
22.1
20.7
22.7
23.0
21.0
23.0
23.4
21.9
25.1
24.3
22.8
23.0
26.0
27.0
26.5
24.5
22.2
21.7
21.7
26.8
23.3
23.3
25.3
25.3
22.3
20.7
22.4
23.6
22.6
21.0
21.4
22.4
24.6
22.1
20.1
21.0
21.8
21.7
18.5
17.0
19.1
19.1
16.9
17.7
19.0
19.1
18.8
20.0
18.8
17.3
16.0
19.5
18.5
18.0
16.9
12.8
14.3
14.0
15.7
15.1
14.0
12.2
11.1
16.3
22.5
20.0
19.3
16.3
14.2
18.1
17.9
17.1
14.6
18.0
18.0
18.1
19.3
14.1
14.0
16.1
13.1
13.1
15.0
17.2
13.2
16.1
18.9
19.3
13.8
15.0
9.1
10.4
14.0
9.2
16.3
8.0
6.3
8.1
11.7
16.3
16.5
14.3
16.1
13.8
15.0
16.3
16.9
13.1
12.2
4.9
4.6
8.1
7.8
10.1
11.3
11.1
10.0
11.1
7.7
8.1
7.3
8.5
12.0
10.1
7.3
10.3
7.2
5.9
6.9
8.5
8.7
12.2
9.7
13.8
12.6
9.4
10.2
10.3
8.9
4.4
3.1
4.7
6.7
7.1
11.1
6.4
6.8
0.7
-4.2
-5.1
-2.4
-4.9
-0.6
-0.3
7.0
5.3
5.1
7.0
6.0
8.0
8.4
6.0
6.3
8.1
9.0
8.1
8.7
6.9
4.9
5.5
6.4
6.7
6.8
11.1
13.3
13.1
14.0
12.3
14.2
11.0
9.1
10.1
12.3
9.4
8.9
8.0
8.5
8.3
10.3
12.3
11.3
8.5
7.0
8.9
7.6
11.1
13.2
13.5
12.7
12.6
14.4
14.1
8.8
9.3
11.3
13.2
12.0
12.3
13.0
15.1
14.1
12.6
10.3
8.7
10.1
13.0
11.5
12.2
13.1
14.1
12.2
11.7
12.3
13.3
12.6
14.1
12.9
10.6
12.1
14.0
19.7
18.6
13.6
15.8
16.7
12.2
13.3
12.0
11.1
11.0
14.6
12.5
12.3
17.3
13.7
13.8
14.9
16.2
14.6
11.6
12.0
6.1
6.5
6.8
11.3
12.3
14.2
15.0
17.8
18.9
18.2
14.4
14.4
13.4
14.1
13.5
15.3
12.4
17.2
12.7
14.3
14.2
15.2
19.4
19.0
18.0
16.5
21.3
19.0
19.9
17.8
18.0
16.0
21.0
19.9
17.7
19.8
14.7
19.7
18.3
20.9
17.7
19.0
18.4
18.9
20.0
19.6
20.3
20.6
22.2
22.6
21.5
19.1
22.7
24.0
21.0
19.9
21.5
20.9
24.0
19.6
22.6
23.0
21.0
21.3
21.3
22.5
23.3
27.0
22.6
26.0
27.7
25.2
26.1
23.2
22.0
22.5
24.3
23.2
22.9
23.6
24.0
24.4
27.2
24.7
26.9
27.0
26.0
23.7
23.3
23.7
23.3
21.4
23.0
24.2
25.0
24.0
25.0
23.0
21.3
23.0
22.5
22.8
24.2
30.9
26.0
25.9
27.0
28.0
26.8
25.3
26.5
26.8
28.8
28.2
26.2
23.3
23.7
23.6
27.3
29.0
29.1
26.3
23.9
25.2
21.2
22.1
22.0
21.1
24.2
25.2
23.0
27.0
24.7
21.0
21.1
24.0
24.3
17.0
20.1
20.6
20.0
23.3
19.1
22.0
24.6
18.1
21.1
18.3
21.2
21.7
23.5
20.3
19.7
21.1
15.9
16.5
18.1
17.1
19.0
18.1
20.4
19.7
19.0
17.0
17.0
17.4
16.5
17.0
17.1
20.4
10.1
13.7
14.6
14.6
15.6
16.2
17.0
20.6
21.1
18.3
17.5
16.8
17.1
17.8
16.9
16.2
17.9
12.2
14.1
15.3
14.8
16.1
12.7
15.0
10.7
11.9
11.5
13.2
15.0
13.7
17.0
17.1
14.0
11.7
13.4
14.2
15.3
17.4
13.4
15.1
15.4
14.5
14.6
13.8
11.8
8.2
12.6
12.7
14.0
12.4
14.6
8.8
6.3
9.4
15.2
11.9
9.7
11.1
6.8
5.3
7.7
7.0
14.0
12.5
4.7
11.7
16.0
15.2
9.7
15.1
14.6
10.0
6.0
4.7
2.6
2.7
5.6
9.0
8.3
9.9
10.9
12.2
13.5
11.2
5.4
6.2
10.0
9.0
9.5
6.8
11.1
13.9
14.4
15.7
15.4
14.4
10.7
11.2
11.3
10.2
8.2
8.2
12.4
7.2
9.7
13.4
10.1
7.4
6.6
8.4
6.9
6.6
6.8
7.8
7.5
10.2
6.3
12.4
13.4
13.1
10.1
7.5
7.3
10.1
11.4
8.0
10.1
8.7
8.0
11.5
5.0
5.6
5.9
7.5
10.5
7.8
9.5
9.0
10.8
12.8
13.1
6.8
2.0
-1.1
0.0
2.0
13.3
10.4
9.8
13.1
12.0
10.5
10.3
10.0
10.0
12.5
13.5
11.0
10.7
9.3
12.3
15.3
11.1
11.1
9.7
10.9
4.1
7.5
4.8
5.3
10.4
8.3
9.1
9.9
13.6
15.2
11.1
8.4
10.1
14.0
15.2
13.2
15.5
13.7
17.0
15.0
13.1
15.5
15.5
14.8
19.3
19.5
16.2
20.2
19.7
19.3
19.2
16.1
14.8
16.3
16.0
16.9
17.5
19.6
21.7
20.3
20.2
19.9
23.3
18.2
18.0
18.6
18.4
22.4
19.2
17.2
19.0
20.5
19.0
20.4
18.3
13.1
16.1
17.2
17.8
22.0
21.3
21.0
23.8
18.6
21.0
24.9
24.5
23.3
22.8
23.0
22.5
22.9
22.9
22.5
21.9
22.9
21.3
22.2
25.0
22.2
19.0
23.0
22.7
23.6
22.0
22.5
22.2
24.2
24.6
25.3
26.0
23.5
24.0
19.2
19.0
20.0
22.1
22.2
21.0
20.3
20.0
20.9
24.0
24.5
22.0
25.3
23.3
23.9
25.0
24.4
21.9
22.2
22.1
22.2
24.8
27.3
22.9
23.1
24.6
24.0
26.3
23.1
27.3
22.0
21.4
24.8
27.2
25.2
23.0
23.0
29.0
29.0
28.3
27.2
28.0
28.0
28.2
25.5
25.5
25.3
26.0
26.0
25.4
27.3
25.6
25.9
26.8
26.0
26.2
27.1
29.5
28.5
27.9
28.0
27.1
27.1
25.1
22.8
20.1
24.2
24.7
28.8
21.8
22.7
24.2
21.2
21.1
21.2
23.0
21.8
22.7
24.0
24.5
24.3
24.0
24.7
22.1
21.5
25.1
24.9
22.7
22.2
22.0
23.1
22.1
22.1
23.0
15.1
14.0
13.6
17.0
20.0
18.0
16.6
15.0
18.3
20.5
21.1
20.3
20.0
18.0
19.7
21.1
19.8
19.3
20.3
20.0
18.3
19.3
18.0
19.3
18.9
21.3
19.0
15.8
18.1
15.0
13.8
15.1
20.0
20.0
20.3
19.0
16.3
16.8
19.1
20.3
20.1
19.0
18.2
18.7
16.2
15.8
16.0
15.6
15.5
15.2
14.4
15.4
12.3
11.2
9.9
10.0
16.4
15.7
13.0
12.0
14.4
17.4
17.5
12.9
12.1
9.1
8.0
11.4
11.3
11.9
13.0
14.9
8.9
18.7
13.2
11.2
9.0
8.6
6.0
7.7
10.0
12.8
4.7
6.5
8.8
6.8
8.8
15.7
9.5
12.7
13.3
8.7
5.1
8.7
8.2
9.5
8.5
9.4
8.7
6.9
5.5
1.5
0.5
4.2
4.0
0.6
4.9
5.5
5.6
3.2
5.4
5.9
7.6
4.3
8.3
11.6
9.7
8.8
9.0
10.2
11.4
8.4
8.4
6.4
9.4
11.9
11.0
8.4
9.3
9.5
14.0
16.3
12.7
14.2
11.9
12.3
9.6
9.8
9.0
13.0
9.5
5.1
6.5
9.5
8.5
9.4
8.8
9.8
9.1
9.6
12.0
6.7
3.2
5.0
9.3
13.9
9.6
9.4
11.8
12.6
10.7
13.3
12.6
13.9
15.6
15.2
12.2
14.0
""
""
""
""
11.3
13.8
14.0
14.2
12.1
14.1
15.2
17.3
18.6
14.1
12.3
12.5
11.6
12.6
14.5
16.4
13.7
16.1
13.0
14.7
12.6
12.2
14.8
12.9
11.7
13.7
13.8
12.8
12.6
12.6
13.2
15.1
12.9
16.0
16.1
17.8
16.9
15.0
16.4
16.0
18.1
17.7
17.6
13.3
15.2
11.7
12.0
12.4
14.6
16.0
13.7
11.3
10.7
12.4
14.1
14.4
14.7
16.9
13.5
13.9
11.9
13.9
14.6
14.5
16.7
17.3
15.3
16.8
15.3
17.9
17.7
18.0
21.9
19.3
17.9
16.5
16.1
18.1
18.2
17.4
17.3
18.0
19.6
20.9
20.9
23.2
26.4
24.0
24.3
24.1
22.7
23.9
24.3
25.6
24.8
24.0
23.1
23.1
24.1
27.1
23.1
25.7
29.3
30.0
26.9
26.5
25.5
24.2
25.2
26.9
25.0
24.6
24.9
26.4
28.4
25.7
22.3
20.7
23.5
21.4
20.4
23.0
23.4
23.1
24.2
21.6
21.6
24.0
24.3
28.0
27.5
28.6
25.7
24.5
26.7
22.2
21.5
25.1
26.9
26.1
25.5
26.0
24.6
23.5
23.1
26.4
26.4
27.1
28.3
31.3
29.7
27.4
24.9
24.5
24.6
24.7
24.0
24.2
26.7
31.5
28.5
28.4
27.3
27.3
25.0
27.2
28.6
25.7
29.2
28.0
25.3
26.6
25.1
24.0
23.7
25.2
22.0
21.2
21.4
23.1
23.6
24.5
24.2
24.7
23.3
20.8
21.0
23.6
18.1
18.1
17.6
21.8
21.3
18.4
20.5
19.6
18.4
19.0
19.2
19.1
19.0
19.3
15.0
15.0
15.1
15.8
15.2
14.9
21.1
20.2
19.1
18.1
17.0
16.8
19.0
18.6
18.2
18.3
18.6
18.6
18.1
19.0
19.0
18.4
20.0
18.7
16.6
15.8
16.5
18.7
16.6
17.6
20.5
20.7
19.5
20.5
16.0
15.6
19.4
13.3
16.2
17.7
17.0
16.6
16.3
19.2
19.7
14.7
15.6
16.9
16.5
13.3
15.8
17.1
18.2
14.6
14.7
17.4
13.9
13.4
10.6
12.7
16.7
7.8
8.2
12.5
13.6
11.6
11.7
13.5
11.6
12.6
10.2
13.2
12.0
14.7
16.3
16.4
16.6
16.0
16.1
16.5
13.6
11.1
10.3
11.7
8.3
7.5
4.7
5.0
6.9
12.1
8.0
10.1
9.3
10.7
5.0
5.0
10.4
8.4
6.7
8.3
11.6
10.1
9.7
9.1
9.4
10.3
8.1
8.7
7.7
7.6
7.1
7.1
9.9
12.8
13.3
10.0
9.2
13.7
10.0
10.0
11.7
12.6
12.6
12.5
8.8
5.5
5.2
8.2
9.6
11.0
13.7
12.6
11.3
13.8
12.3
10.7
10.1
9.5
11.5
10.7
8.7
9.8
10.3
10.2
11.0
14.0
12.6
11.6
8.3
10.2
13.6
14.3
10.9
10.0
11.0
13.4
9.0
8.5
10.9
11.4
10.8
12.5
12.6
15.0
11.5
12.2
10.6
15.7
11.6
10.6
12.5
8.5
2.5
3.9
12.0
14.8
10.3
10.8
11.7
13.5
3.7
6.0
6.7
12.2
16.4
16.5
15.1
16.3
15.2
13.8
20.5
19.5
15.0
15.7
9.3
11.8
11.3
11.8
13.1
16.8
17.8
16.5
13.7
14.1
12.6
13.5
13.6
14.0
16.3
16.6
14.7
16.6
16.4
15.2
16.6
18.3
13.8
17.8
15.2
15.7
17.6
17.9
18.7
22.5
22.8
19.4
20.2
24.8
22.9
22.5
20.2
18.4
18.6
18.1
18.6
18.0
16.5
16.1
